proximity, shade, brightness
199,262658,8
201,262658,7
199,262658,7
199,262657,7
199,262658,8
198,262658,7
199,262658,7
199,262658,8
200,262657,7
198,262658,8
200,262658,8
200,262657,7
198,262658,8
200,262657,7
198,262658,7
198,262658,8
199,262657,7
202,262658,7
199,262658,7
200,262657,7
200,262658,7
198,262657,7
199,262657,7
197,262658,8
199,262657,7
199,262658,8
198,262658,7
200,262657,7
200,262657,7
197,262658,8
199,262658,7
200,262658,8
200,262657,7
201,262658,7
199,262657,7
199,262657,7
200,262658,7
200,262658,7
198,262657,7
199,262657,7
198,262657,7
199,262658,7
201,262658,7
198,262658,7
198,262657,7
200,262657,7
200,262658,7
201,262657,7
199,262658,8
200,262657,7
199,262657,7
199,262658,7
199,262657,7
200,262657,7
200,262658,7
199,262657,7
199,262657,7
201,262657,7
197,262658,8
202,262657,7
200,262657,7
198,262657,7
198,262658,7
198,262658,7
198,262658,7
200,262658,7
199,262658,7
197,262658,7
197,262658,7
199,262657,7
200,262657,7
198,262657,7
201,262658,7
202,262658,7
199,262657,7
200,262657,7
197,262657,7
198,262658,7
198,262657,7
199,262658,7
200,262657,7
200,262658,7
200,262658,7
198,262658,7
199,262658,7
199,262658,7
199,262658,7
200,262657,7
198,262658,7
199,262658,7
198,262658,7
198,262658,7
200,262658,7
199,262657,7
199,262657,7
200,262657,7
200,262658,8
198,262657,7
197,262658,7
199,262658,7
200,262658,7
199,262657,7
197,262658,8
198,262658,8
200,262658,8
199,262658,7
197,262658,7
199,262658,7
198,262658,7
199,262658,7
201,262658,7
198,262657,7
201,262658,8
199,262658,7
198,262657,7
199,262658,7
200,262657,7
198,262658,7
197,262658,7
199,262658,7
199,262658,7
197,262657,7
199,262658,7
198,262657,7
199,262658,7
201,262658,7
201,262658,7
199,262657,7
199,262657,7
199,262657,7
199,262658,7
199,262658,7
198,262658,7
199,262658,7
198,262658,7
201,262658,7
199,262658,7
197,262658,7
201,262657,7
199,262657,7
199,262657,7
198,262658,7
199,262658,7
199,262658,7
201,262657,7
197,262658,7
199,262657,7
198,262658,7
198,262657,7
198,262657,7
197,262657,7
199,262658,7
198,262657,7
202,262658,7
199,262658,7
199,262657,7
202,262657,7
196,262657,7
198,262658,7
197,262658,7
196,262658,7
201,262658,7
199,262657,7
200,262658,7
197,262657,7
199,262657,7
199,262657,7
199,262658,7
199,262658,7
199,262658,7
200,262658,7
199,262658,7
199,262658,7
199,262657,7
200,262657,7
199,262658,7
200,262658,7
199,262658,7
199,262657,7
198,262657,7
199,262658,7
200,262657,7
197,262658,7
200,262657,7
199,262657,7
200,262657,7
199,262657,7
199,262658,7
199,262658,7
199,262658,7
198,262658,7
198,262657,7
199,262658,7
197,262657,7
198,262657,7
200,262658,7
200,262658,7
198,262658,7
200,262657,7
199,262658,7
200,262657,7
198,262657,7
198,262657,7
199,262657,7
200,262658,7
199,262657,7
198,262658,7
199,262657,7
199,262657,7
199,262657,7
200,262658,7
200,262658,7
200,262658,7
201,262658,7
199,262657,7
198,788742,26
199,525572,17
199,525572,16
199,525572,16
201,525572,17
198,525572,16
200,525572,16
200,525572,16
198,525572,16
200,525572,16
198,525572,16
200,525572,17
200,525572,16
198,525572,17
198,525572,17
200,525572,17
198,459779,15
200,459779,14
199,394243,13
200,394243,13
198,393987,12
199,393987,12
199,393987,12
199,393987,12
199,393987,12
199,393987,12
199,393986,12
198,393987,12
200,393986,12
200,393986,11
200,393986,11
198,393986,11
198,393986,11
198,393986,11
200,393986,11
200,328450,11
199,393986,11
199,328450,11
200,393986,11
199,328450,11
199,328450,11
199,393986,11
200,328450,11
199,328450,11
198,328450,11
200,328450,11
200,328450,11
200,328450,11
199,328450,11
199,328450,11
199,328450,11
199,328450,11
199,328450,11
198,393986,11
198,328450,11
199,328450,11
199,393986,11
198,328450,11
198,328450,11
200,328450,11
200,328450,11
201,393986,11
199,328450,11
201,328450,11
198,328450,11
199,328450,11
200,393986,11
197,328450,11
199,328450,11
198,328450,11
199,328450,11
199,328450,11
200,328450,11
198,393986,11
198,328450,11
199,393986,11
198,393986,12
198,393987,12
197,393987,12
198,394243,13
197,459779,13
198,459779,14
199,459779,14
199,459779,14
199,459779,14
200,459779,14
198,459779,13
197,459779,14
199,459779,14
199,459779,14
199,459779,14
197,459779,14
200,459779,14
198,459779,14
201,459779,14
201,459779,14
199,459779,14
197,394243,14
198,394243,14
199,394243,15
200,394243,14
199,459779,14
198,459779,14
198,459779,14
198,394243,13
198,393987,12
200,393986,11
197,328450,11
199,328450,10
199,328194,10
201,328194,10
198,328194,10
198,328194,10
198,328194,10
198,328194,10
199,328194,10
199,328194,10
199,328194,9
199,328194,9
199,328194,10
197,328194,10
200,328194,10
199,328194,10
198,328194,9
201,328194,10
197,328194,10
196,328194,10
199,328450,10
201,328194,10
196,328194,10
200,328450,10
199,328450,10
198,328450,10
199,328450,10
198,328450,10
200,328450,10
197,328450,10
198,328450,10
199,328450,10
200,328450,11
199,328450,11
201,328450,11
200,328450,11
199,328450,11
200,328450,10
198,328450,10
199,328450,10
199,328194,10
199,328450,10
197,328194,10
198,328194,10
199,328194,10
199,328194,10
199,328450,10
199,328450,10
199,328450,10
199,328194,10
199,328450,10
199,393986,11
199,393987,13
200,394243,13
201,394243,13
199,394243,13
198,393987,13
199,393987,13
200,394243,13
199,393987,13
199,393987,13
199,393987,13
198,393987,12
199,393987,13
197,393987,13
200,393987,13
198,393987,13
199,393987,12
198,393987,12
198,393987,13
198,393987,12
200,393987,13
200,393987,12
198,393987,13
198,393987,13
199,393987,13
198,393987,12
199,393986,12
199,459779,15
200,393987,12
196,393987,14
199,854279,28
199,460035,15
198,459779,13
200,394243,13
197,393987,12
199,393987,12
200,393987,12
200,394243,12
200,393987,12
199,393987,12
198,393987,12
200,393986,11
200,393987,12
199,394243,13
196,459779,13
197,459779,14
200,459779,14
198,459779,13
198,394243,13
199,393987,12
200,393986,11
198,328450,11
197,393986,11
197,328450,11
200,393986,11
198,328450,11
199,393986,11
199,328450,11
199,393986,11
199,393986,11
197,393986,11
199,393987,11
199,393986,11
199,393986,11
200,328450,11
198,328450,11
199,328450,11
200,328450,11
199,328450,11
200,393986,11
198,393986,11
198,393986,12
199,393986,11
199,393987,12
198,393986,12
199,393986,12
199,393986,12
199,393987,12
200,393987,12
199,394243,13
201,459779,13
201,459779,14
199,459779,14
198,459779,15
199,459779,15
198,459779,15
200,459779,14
199,394243,13
200,394243,13
199,394243,13
198,393987,12
199,393987,12
199,393987,12
199,393987,12
198,393987,12
197,393987,12
197,393987,12
199,393987,12
196,393987,12
198,393987,12
199,393987,12
198,393987,13
199,393987,13
198,393987,12
198,393987,12
199,393987,12
200,393987,12
199,393987,12
200,393986,12
199,393987,12
197,393987,12
202,393987,12
200,393987,12
198,393987,12
197,393987,12
198,393987,12
197,393987,12
198,393986,12
199,393987,12
198,393987,12
201,393987,12
197,393987,12
197,393987,12
198,393987,12
199,393987,12
199,393987,12
199,393987,12
197,393986,12
197,393987,12
199,393986,12
200,393986,12
197,393986,12
198,393987,12
199,393987,12
199,393987,12
198,393987,12
199,393987,12
197,393987,12
198,393987,12
200,393987,12
197,393987,12
198,393986,12
199,393987,12
199,393987,12
200,393987,12
199,393987,12
199,393987,12
199,393986,11
198,393986,11
197,393986,11
198,393986,11
199,393986,11
200,393986,12
199,393987,12
200,393987,12
199,393987,12
200,393987,12
200,393986,12
199,393986,12
199,393987,12
197,393987,12
198,393987,12
199,393986,12
197,393986,12
196,393986,12
199,393987,12
199,393987,12
200,393987,12
199,393987,12
199,393987,12
200,393987,12
200,393987,12
199,393987,12
201,393987,12
199,393987,12
200,393987,12
199,393987,12
199,393987,12
200,393987,12
197,393987,12
199,393987,12
198,393987,12
200,393987,12
199,393986,12
198,393986,11
200,393986,11
197,393986,11
198,393986,11
201,393986,11
198,393986,11
199,393986,11
199,393986,11
199,393986,11
199,393986,11
200,328450,11
198,328450,11
198,393986,11
199,328450,11
199,393986,11
199,393986,11
199,393986,11
199,393986,12
199,393986,11
197,393986,12
200,393986,11
199,393986,11
198,328450,11
198,328450,11
198,393986,11
198,328450,11
197,328450,11
199,328450,10
200,328450,10
199,328450,10
199,328450,10
201,328450,10
199,328450,10
200,328450,10
199,328194,10
199,328450,10
198,328450,10
200,328450,10
198,328450,10
199,328450,10
199,328450,10
199,328450,10
199,328450,10
199,328450,10
200,328450,10
200,328450,10
201,328450,10
199,328194,10
199,328194,10
199,328450,10
198,328194,10
199,328194,9
199,328194,9
199,328450,10
199,328450,10
200,328450,10
198,328450,10
199,328450,11
199,328450,11
199,328450,10
200,393986,11
199,393987,12
197,393987,12
200,393987,12
199,393987,12
200,393987,12
199,393987,12
200,393987,12
199,394243,12
198,394243,13
202,394243,12
199,394243,13
198,393987,12
198,393987,12
199,328450,11
198,328450,10
198,328194,9
199,262658,8
198,262658,8
199,262658,8
198,262658,8
198,262657,7
199,262657,7
198,262658,8
200,262658,8
200,328194,9
200,328194,9
200,328450,10
197,328450,10
198,328194,9
197,328450,10
201,328450,10
199,328450,11
198,393986,11
200,393986,11
199,328450,10
200,328450,11
198,393986,11
199,393987,12
199,393987,12
198,394243,13
199,394243,13
200,394243,13
199,394243,13
199,393987,12
199,393987,12
200,393986,11
202,393986,11
199,393986,11
198,393986,11
199,393987,12
199,393987,12
201,393986,12
201,393987,11
198,393987,12
198,393987,12
200,393987,12
198,393986,11
198,328450,11
196,328450,10
199,328450,10
198,328450,10
199,328450,10
200,328450,10
200,328450,10
200,328450,10
197,328450,10
197,328450,10
200,328450,10
199,328450,10
199,328450,10
200,328450,10
198,328450,10
199,393986,11
200,393986,11
200,328450,11
199,328450,10
199,328450,9
199,328450,9
199,328194,9
200,328194,9
200,328194,9
198,328194,9
200,328194,9
198,328450,9
199,328194,9
198,328450,9
199,328194,9
201,328450,10
198,328450,10
198,328450,11
198,393987,12
199,394243,13
198,459779,14
199,459779,14
200,459779,14
200,459779,15
198,460035,15
199,460035,15
198,460035,15
200,460035,15
200,459779,15
198,459779,15
196,459779,14
198,459779,14
197,459779,14
196,459779,13
199,459779,13
199,393987,12
197,393986,11
200,328450,10
201,328450,10
198,328450,10
199,328450,10
198,328450,9
200,328450,10
199,328450,10
199,328450,10
198,328450,10
199,328450,10
201,328450,10
198,328450,10
198,328450,10
200,328450,10
198,328450,10
198,328450,10
198,328450,10
202,328450,11
199,393987,12
199,393987,12
199,394243,13
198,394243,14
200,459779,14
202,394243,14
199,394243,13
199,394243,13
199,394243,14
198,459779,14
199,459779,15
199,459779,14
198,459779,14
199,459779,13
195,459779,13
199,394243,12
198,393987,12
199,393987,12
197,393987,11
200,393986,11
198,393986,11
200,328450,10
201,328450,10
198,328450,10
199,393986,11
199,393986,11
197,393987,12
197,393986,11
199,328450,10
199,328450,9
198,328194,9
199,328194,9
200,328194,9
199,328194,9
199,328194,9
199,328194,9
198,328194,9
198,328194,10
198,328450,10
199,328450,10
199,328450,11
201,393987,11
201,393987,12
199,394243,13
198,394243,13
201,394243,14
200,394243,13
200,393987,12
199,393987,12
199,394243,13
201,394243,13
201,394243,13
199,394243,12
199,393987,12
198,393986,11
198,328194,9
198,328194,9
199,328194,9
196,328194,9
198,328194,9
198,328450,9
200,328450,10
200,328450,10
199,328450,10
199,328450,10
200,328450,10
197,328450,10
199,328450,10
199,393986,11
198,328450,11
197,328450,11
202,328450,10
199,328450,10
199,328450,9
201,328450,9
198,328450,9
199,328194,9
200,328450,9
200,328450,9
200,328450,10
199,328450,10
197,328450,10
198,328450,10
199,328450,10
200,393986,11
198,393986,11
198,328450,11
199,328450,11
198,328450,11
198,393986,11
197,393986,11
197,393986,11
200,393986,11
200,393986,11
199,393987,11
199,393987,12
197,393987,12
198,393987,12
196,393986,11
200,328450,11
200,328450,10
199,328450,10
199,328450,10
199,262658,9
199,197122,7
199,262658,8
199,328450,9
198,262658,9
202,262914,9
201,328450,11
199,328450,10
198,328450,11
201,393987,12
201,393986,11
198,328450,11
199,328450,10
199,328450,10
198,328194,9
198,328194,9
200,262658,8
200,328450,10
198,459779,14
199,394243,12
198,262657,7
197,262658,7
198,262657,7
199,262657,7
199,262658,7
199,393986,11
198,328450,10
199,262658,8
199,262657,7
198,262658,7
199,262658,8
200,328450,10
199,394243,12
198,394243,13
197,393986,11
198,262658,8
198,262658,7
199,262657,7
197,262657,7
199,262658,8
199,393986,11
198,394243,12
197,328194,9
200,262658,8
199,262658,8
201,262658,8
199,328194,9
200,394243,13
197,525572,16
199,459779,13
198,328194,9
196,262658,7
200,262658,7
198,262657,7
199,262657,7
200,262657,7
201,328450,9
201,393987,12
199,393986,11
196,328450,10
199,328194,9
198,328194,9
199,328194,9
198,328194,9
200,328450,11
200,328450,11
199,262658,8
199,262658,8
198,393987,12
200,393987,12
200,328450,10
198,328194,9
200,328450,9
197,328450,10
199,328450,10
200,328450,10
199,328450,10
198,328194,9
199,328194,8
197,262658,8
200,262657,8
199,262658,8
198,328450,10
199,394243,13
199,393987,12
200,328450,10
200,328450,9
199,328194,9
199,328194,9
197,328194,9
198,262658,8
198,262658,8
198,328194,9
199,328450,9
198,328194,9
199,328194,9
198,328194,9
199,328450,10
198,328450,10
199,328194,9
198,262658,8
199,328450,9
198,393986,11
197,393986,11
200,393986,11
199,328450,11
198,393986,11
198,393987,12
199,393987,11
199,393986,11
199,393986,12
197,393987,12
198,393986,11
201,328450,11
196,328450,10
199,328450,10
199,393986,11
198,328450,10
199,328194,8
195,328194,9
198,328194,9
199,328450,9
197,328194,9
198,328194,9
200,328194,9
200,328194,9
200,328450,9
200,328450,10
198,393986,11
198,394243,13
197,394243,13
199,459779,14
199,460036,16
199,459779,14
200,328450,11
199,328194,9
199,328194,8
200,328194,9
198,328194,9
199,328450,10
200,328450,11
199,328450,10
200,328450,9
198,328450,10
201,394243,12
199,328450,10
199,328450,9
199,328194,9
200,328194,9
199,328194,9
199,328450,10
200,328450,11
197,460036,16
199,459779,15
198,328450,10
199,328450,10
199,131329,4
198,131329,4
199,197121,6
200,196865,5
200,262658,7
200,262658,7
198,328450,11
198,328450,10
202,262658,7
198,262657,7
199,262657,7
200,262658,8
201,262657,7
198,196865,6
198,262658,8
200,262658,8
199,328450,9
198,262658,8
198,328450,9
198,197121,6
199,262658,7
198,262658,8
200,328194,9
200,328450,11
199,328450,9
197,328450,10
199,328450,10
200,328194,9
198,197121,6
199,262658,9
199,328450,10
199,262658,8
197,262657,7
200,262657,7
200,262657,7
201,262657,7
200,262657,7
200,197121,6
201,131329,4
200,131329,4
198,197121,6
199,131329,4
199,196865,5
199,262657,7
200,328450,10
198,394243,13
200,393987,12
199,328450,10
198,328194,9
199,262658,9
199,262658,8
198,262658,8
199,262658,8
199,262657,7
200,328194,9
200,328194,9
200,262658,8
198,262658,8
199,262658,8
202,262658,7
199,262658,8
200,262658,7
199,262658,8
197,262658,8
199,328194,8
201,262658,8
199,262658,8
199,262658,8
199,262658,8
198,262658,8
200,262658,8
198,262658,8
199,328194,9
198,197121,6
199,262658,7
198,328450,10
199,328450,10
199,328450,10
200,328450,10
201,328450,11
200,328450,11
196,328450,10
199,328194,9
200,262658,8
197,197121,7
199,262658,8
200,262658,8
199,328194,9
198,328450,10
199,328194,9
200,328194,8
199,262658,8
199,262658,8
199,262658,8
199,197121,6
199,328450,11
199,328450,10
200,328194,9
200,328450,10
198,393986,11
201,328450,9
196,262658,7
199,328450,9
198,328194,9
198,328194,9
198,328194,9
201,328450,9
198,328194,9
199,328194,9
199,328450,10
201,328450,10
199,328450,10
198,328450,10
199,328450,9
199,262914,9
197,328450,10
200,328450,10
198,328194,9
199,328450,9
197,328450,9
200,328450,10
198,328450,10
201,262658,8
199,197121,7
200,197121,7
200,262658,9
198,328194,9
199,328194,9
199,328450,9
199,328450,10
200,328450,10
200,328450,10
200,328194,9
198,328194,9
198,328194,9
199,328450,10
200,328450,10
199,393987,12
200,328194,9
198,328450,9
200,393987,12
201,328450,11
198,328450,10
199,328450,10
202,328450,10
199,328450,9
199,328194,9
199,328450,10
199,328450,11
196,328450,10
198,328194,9
202,328194,9
198,328450,10
198,262658,8
199,328450,10
199,328194,9
198,328194,9
199,328450,10
199,328450,11
198,393987,11
198,328194,9
199,196865,5
200,197121,6
199,262658,8
199,328450,9
199,328450,10
199,328194,9
199,262657,7
198,262657,7
197,262658,8
198,262658,7
198,262658,7
197,262657,7
199,262658,7
198,262658,8
198,262657,7
196,262658,7
199,262657,7
199,262657,7
198,262658,8
200,328450,10
201,328450,10
200,328194,9
201,328194,9
200,328450,9
199,262658,7
198,393987,12
199,328194,8
199,262658,8
199,262657,7
197,262657,7
199,262657,7
197,262657,7
199,262657,7
198,262657,7
200,262657,7
