proximity, shade, brightness
200,262657,7
198,262657,7
199,262657,7
197,262657,7
196,262658,7
200,262658,8
198,262658,7
200,262658,7
200,262657,7
199,262658,7
199,262658,7
198,262657,7
200,262658,7
201,262657,7
199,262657,7
200,262657,7
200,262657,7
198,262657,7
199,262658,7
200,262657,7
198,262658,7
200,262658,7
198,131329,4
0,262658,8
69,328194,9
82,328450,9
81,328450,10
91,394243,13
93,394243,13
93,394243,13
91,394243,13
90,394243,13
94,394243,13
93,394243,13
95,394243,13
95,393987,12
95,393987,12
96,393987,12
93,393987,12
96,393987,12
96,393987,12
94,393987,12
96,393987,12
96,393987,12
97,393987,12
95,393987,12
97,393987,12
95,393987,12
97,393987,12
94,393987,12
99,393987,12
200,525572,16
199,525572,16
200,525572,17
199,525572,17
199,525572,17
199,525572,17
200,525572,17
199,525572,17
198,525572,17
198,525572,17
200,525572,17
200,525572,17
198,525572,17
200,525572,17
197,525572,17
199,525572,17
199,525572,17
202,525572,17
198,525572,17
199,525572,17
199,525572,17
199,460035,15
110,131329,4
0,262658,9
58,723207,26
73,525829,19
93,723207,27
94,657157,22
94,657157,23
96,657158,23
95,657157,23
96,657157,23
97,657158,24
94,657158,25
98,657158,25
97,657158,23
97,657158,24
99,657158,23
97,657157,23
99,657157,23
98,657157,23
100,657158,24
100,657158,24
101,657158,24
100,657158,24
99,657158,24
103,657157,23
100,657158,24
101,657158,24
98,657157,23
102,657158,24
199,525572,18
198,525572,18
199,525572,18
199,525572,18
199,525572,17
198,525572,18
196,525572,18
199,525572,18
199,525828,18
197,591364,19
198,591364,19
199,591364,19
199,591364,19
199,591364,19
199,591364,19
197,591365,20
199,591364,20
198,591364,19
200,525572,18
198,525572,18
197,525572,18
200,525572,17
198,525572,17
199,459779,15
197,262914,9
0,328450,10
84,459780,16
85,460036,17
96,591621,22
97,591365,21
98,657158,24
96,722951,27
97,789000,31
97,789000,31
95,722950,26
96,459780,16
97,394243,13
97,393987,12
95,393987,12
95,393987,12
96,393987,12
95,393987,12
98,394243,13
96,525572,18
96,657415,26
95,591365,19
96,394243,13
93,393987,12
97,393987,12
97,393987,12
96,394243,13
197,262657,7
200,262657,7
199,262657,7
200,262657,7
199,262657,7
199,262657,7
198,262657,7
199,262657,7
200,262657,7
198,262657,7
199,262657,7
199,262657,7
199,262657,7
198,262657,7
200,262657,7
198,262657,7
202,262657,7
200,262657,7
198,262657,7
197,262657,7
198,262657,7
198,262657,7
200,196865,6
181,0,0
217,0,0
239,0,1
239,0,1
240,0,1
238,0,1
238,0,1
237,0,1
238,0,1
237,0,1
238,0,1
237,0,1
236,0,1
238,0,1
239,0,1
239,0,1
238,0,1
237,0,1
236,0,1
240,0,1
237,0,1
238,0,1
241,0,1
238,0,1
236,0,1
236,0,1
237,0,1
237,0,1
199,393987,12
202,394243,13
199,394243,13
199,394243,13
200,394243,13
198,393987,13
201,394243,13
199,394243,13
198,394243,13
198,394243,13
199,394243,13
198,394243,13
199,394243,13
198,394243,13
198,394243,13
203,394243,13
199,394243,13
198,394243,13
199,459779,13
197,459779,14
198,459779,13
199,459779,13
200,394243,13
197,394243,13
199,262914,8
199,0,0
232,0,0
232,0,1
237,0,1
237,0,1
236,0,1
237,0,1
239,0,1
237,0,1
239,0,1
239,0,1
238,0,1
237,0,1
237,0,1
238,0,1
236,0,1
236,0,1
235,0,1
239,0,1
239,0,1
236,0,1
238,0,1
238,0,1
238,0,1
239,0,1
237,0,1
199,328450,10
195,328194,9
197,328194,9
199,328450,9
198,328450,10
196,328194,9
198,262658,8
199,328194,8
200,328450,9
196,393986,11
200,393986,11
199,328450,11
199,328450,10
199,328450,11
199,393986,11
198,328450,11
199,328450,10
199,328450,9
200,328450,10
200,328450,10
196,393986,11
200,393986,11
197,393987,12
206,0,1
174,0,0
239,65792,2
238,65536,2
237,65792,2
240,65792,2
236,65793,2
237,65793,2
237,65536,2
238,65536,1
239,0,1
238,65536,1
237,65536,1
237,65536,1
238,65792,2
238,65792,2
238,65792,2
238,65536,2
238,65536,2
237,0,1
236,0,1
239,65536,1
238,0,1
239,0,1
236,0,1
238,0,1
238,65536,1
237,0,1
199,262657,7
198,262657,7
196,262657,7
199,262657,7
198,262657,7
198,262657,7
200,262657,7
197,262657,7
199,262657,7
198,262657,7
200,262657,7
199,262657,7
198,262657,7
198,262657,7
200,262657,7
198,262657,7
199,196865,5
159,65792,2
182,65792,2
182,65792,2
185,131329,5
185,196865,5
184,196865,5
185,196865,5
184,196865,5
184,196865,5
184,196865,5
186,196865,5
186,196865,5
186,196865,5
184,196865,5
184,196865,5
184,196865,5
182,196865,5
187,196865,5
186,196865,5
184,196865,5
185,196865,5
185,196865,5
185,196865,5
183,196865,5
183,196865,5
185,196865,5
182,196865,5
185,196865,5
182,196865,5
184,196865,5
184,196865,5
184,196865,5
186,196865,5
184,196865,5
199,591365,20
199,591365,20
198,591365,20
199,591365,20
200,591364,19
199,591364,19
198,591364,19
200,591364,19
200,591364,19
197,591364,18
199,591364,19
200,591364,19
199,591364,19
200,591364,19
201,591364,19
199,591364,19
200,591364,19
198,591364,19
198,591365,20
198,657157,21
194,197122,7
160,394499,14
184,525828,18
186,525828,18
185,525828,18
185,591621,20
187,657157,23
185,460036,17
187,394243,13
188,394243,12
188,394243,13
186,394243,13
187,394243,13
187,394243,13
188,394243,13
187,394243,13
186,394243,13
184,394243,13
186,394243,13
186,394243,13
186,394243,13
187,394243,14
186,394243,14
187,460036,17
186,460036,17
187,460036,16
188,460036,16
187,394499,15
186,394243,14
188,328707,12
185,328707,12
197,328450,10
199,328450,10
200,328450,10
199,328450,10
198,328450,9
197,328450,10
199,328450,10
199,328450,10
200,328450,10
199,328450,10
199,328450,10
199,328450,10
199,328450,10
198,328450,9
198,328450,10
198,328450,10
199,328450,10
200,328450,10
200,328450,9
198,328450,9
199,328194,9
201,328450,9
197,197121,6
165,65793,3
182,131329,5
184,131329,5
182,131329,4
181,131329,5
183,131329,4
186,197121,6
184,197121,7
184,197121,7
184,262914,9
186,262914,9
184,197122,7
182,197122,7
184,197122,7
186,262914,10
186,328450,11
183,262658,8
186,262658,8
184,262658,8
184,262914,10
185,328707,12
184,262914,9
184,197122,7
183,197122,7
186,197122,8
186,262914,9
184,262914,10
186,262914,10
198,525572,16
199,525572,16
197,525572,16
199,525572,16
196,525572,16
199,525572,16
199,525572,16
197,525572,16
198,525572,16
196,525572,16
199,525572,16
200,525572,16
199,525572,16
198,525572,16
200,525572,16
196,525572,16
200,525572,16
200,525572,17
200,591364,18
198,591364,19
201,262914,8
217,131585,5
225,262914,10
228,262914,9
227,262914,10
230,328450,10
229,262914,10
229,262914,9
229,262914,9
229,262914,9
229,262914,9
230,262914,9
229,262914,9
229,262914,9
227,262914,9
229,262914,9
229,262914,9
230,262914,9
230,262914,9
229,262914,9
229,262914,9
229,262914,9
227,262914,9
229,262914,9
230,262914,9
230,262914,9
227,262914,9
229,262914,9
229,262914,9
228,262914,9
229,262914,9
200,262657,7
198,262657,7
199,262657,7
199,262657,7
198,262657,7
200,262657,7
198,262657,7
199,262657,7
198,262657,7
199,262657,7
199,262657,7
195,262657,7
199,262657,7
199,262657,7
202,262657,7
199,262657,7
196,262657,7
200,262657,7
199,196865,6
191,0,1
225,65536,2
225,65792,2
231,131329,3
231,131329,4
231,131329,4
230,131329,4
231,131329,4
228,131329,4
229,131329,4
232,131329,4
229,131329,4
228,131329,4
230,131329,4
230,131329,4
230,131329,4
230,131329,4
230,131329,4
232,131329,4
230,131329,4
229,131329,4
231,131329,4
229,131329,4
230,131329,4
231,131329,4
229,131329,4
231,131329,4
230,131329,4
230,131329,4
230,131329,4
229,131329,4
230,131329,4
199,460035,15
200,525572,16
200,525572,16
199,525572,16
199,525571,15
198,460035,15
198,460035,15
199,328450,10
198,262658,8
166,197121,6
66,262914,8
147,262658,8
145,262914,8
145,262657,7
149,328450,10
146,459779,15
146,591364,18
146,656900,20
146,657156,20
146,656900,20
147,656900,20
147,591364,19
146,591364,19
148,591364,20
146,657157,21
148,657157,21
146,657157,22
149,657157,22
146,657157,21
148,591364,18
147,459779,13
145,459779,14
147,591364,19
148,591620,20
146,591364,18
147,591364,18
149,591364,19
146,591364,19
148,591364,19
146,591364,19
147,591364,19
146,591364,19
147,591364,19
146,591364,19
147,591364,19
148,591364,19
147,591364,19
148,591364,19
148,591364,19
148,591364,19
147,591364,19
200,328450,10
199,328450,10
199,328450,10
200,328450,10
199,328450,10
200,328450,10
200,328450,10
201,328450,10
198,328450,10
198,328450,9
199,328194,9
198,328194,9
199,328194,9
199,328194,9
199,328194,9
199,328450,9
199,328450,9
202,328450,9
195,262658,7
116,262657,7
144,197121,6
140,197121,5
142,262657,7
143,393986,10
144,393986,10
144,393986,10
144,393986,10
142,393986,10
144,393986,10
142,393986,10
142,393986,10
143,393986,11
142,393986,11
141,393986,11
141,393986,11
141,393986,11
143,393986,11
142,393986,11
145,393986,11
144,393986,11
144,393986,12
141,393986,12
143,393986,11
140,393986,11
144,393986,11
142,393986,11
144,393986,11
144,393986,11
146,393986,11
143,393986,11
141,393986,11
199,460035,15
198,460035,15
199,460035,15
200,460035,15
200,460035,15
199,460035,15
200,460035,15
199,460035,15
199,460035,15
199,460035,15
199,460035,15
200,460035,15
199,460035,15
201,460035,15
198,460035,15
198,460035,15
198,460035,15
200,328450,10
198,197378,8
217,262914,8
215,197378,7
216,262914,8
216,328450,11
217,328451,11
217,328451,11
215,328450,11
217,328450,11
217,328451,11
215,328451,11
215,328707,11
214,328707,11
214,328451,11
215,328451,11
216,328450,11
217,328451,11
218,328450,11
216,328450,11
217,328450,11
214,328450,11
214,328450,11
216,328450,11
217,328706,11
214,328450,11
215,328450,11
215,328706,11
216,328450,11
215,328450,11
216,328450,11
215,328450,11
217,328707,11
216,328450,11
200,262657,7
197,262657,7
198,262657,7
200,262657,7
199,262657,7
198,262657,7
199,262657,7
199,262657,7
199,262657,7
198,262657,7
199,262657,7
201,196865,6
199,196865,5
199,131329,4
199,131329,3
197,65536,1
181,0,0
44,0,0
0,0,0
0,0,1
0,0,0
0,0,0
0,0,0
0,0,0
0,0,0
0,0,0
0,0,0
0,0,0
0,0,0
0,0,0
0,0,0
0,0,1
0,0,1
0,0,0
0,0,1
0,0,1
0,0,1
0,0,0
0,0,0
0,0,1
0,0,0
0,0,1
0,0,0
0,0,0
0,0,0
0,0,0
0,0,0
0,0,0
0,0,0
0,0,0
0,0,0
197,394243,12
199,394243,12
198,328450,10
196,262914,8
198,197122,6
197,65793,3
187,65536,2
143,0,1
0,657670,25
60,855048,32
61,789255,30
61,789255,30
57,789255,30
56,789255,30
56,789256,30
54,789256,31
56,789256,31
55,789255,30
52,789255,30
48,723719,29
53,723463,28
53,723463,28
53,723719,29
48,723719,29
53,723463,29
53,789255,29
60,789256,30
58,789256,31
60,789256,31
62,789256,31
61,789256,31
58,789256,30
58,789256,31
58,789256,30
54,789256,30
52,789256,30
59,789256,31
57,723719,29
66,723463,28
71,723719,29
71,723463,28
74,723719,28
72,723719,28
77,723719,29
81,723719,29
80,723719,29
82,723463,28
83,723719,28
85,789255,29
88,855048,32
96,986633,36
199,196865,5
199,196865,5
198,196865,6
199,196865,6
197,196865,6
200,196865,5
198,196865,5
200,196865,6
198,196865,6
197,196865,5
198,196865,6
198,262657,6
199,262657,6
198,197121,6
198,196865,6
199,196865,6
200,262657,7
201,262657,7
199,262657,7
200,262657,7
199,262657,7
198,262657,7
198,262657,7
198,131329,4
188,0,1
129,0,0
0,0,1
0,0,0
0,0,0
0,0,0
0,0,1
0,0,1
0,0,0
0,0,1
0,0,1
0,0,1
0,0,1
0,0,1
0,0,1
0,0,1
0,0,0
0,0,0
0,0,0
0,0,0
0,0,0
0,0,0
0,0,0
0,0,0
0,0,0
0,0,0
0,0,0
